0.648643725758741 0.7222830024702324 1
0.4341809458908319 0.7943379455292312 1
0.9317602393421306 0.5070818410977398 1
0.3454907576824957 0.31108848188209615 -1
0.039641803702580636 0.1286002939240104 -1
0.02701441027563145 0.08844277117083776 -1
0.10008135619497205 0.3324695030161037 -1
0.43459625141909175 0.5459254867673733 -1
0.7793117646897605 0.5625151685320467 1
0.5776898557243282 0.3214488118635894 -1
0.4552585969217705 0.36710474872838517 -1
0.6224248669345157 0.6316015278282632 1
0.5755627009585701 0.2165599712398728 -1
0.48316945278998735 0.4733164756108895 -1
0.2885375489159241 0.6921139857413485 -1
0.5810860278530947 0.862258917362359 1
0.9362033667734653 0.1094323355467064 1
0.7147789191508968 0.796443613635694 1
0.2807664756454149 0.7735052443787177 1
0.5359845430355937 0.6580010659196446 1
0.39938882370279194 0.2267585144908738 -1
0.9523560136400703 0.3216785255467931 1
0.02681897589257043 0.04851864820730256 -1
0.8897457928877842 0.3255748211773095 1
0.7514331619578439 0.9915075871990889 1
0.23799148276074533 0.07777266911257241 -1
0.8774604563048253 0.49983085141205796 1
0.47706143555852654 0.221945385343301 -1
0.9546438887079116 0.9429626390193858 1
0.4345184426893356 0.9656798255191787 1
0.9463147178389436 0.2215196696623879 1
0.8606115210339239 0.38717098851127085 1
0.7578347104995166 0.7531555236222753 1
0.023906630527422146 0.47910761044795114 -1
0.37958693060412363 0.23069538805703782 -1
0.32821990323719397 0.9629828897894636 1
0.21217275517990608 0.9596711337265665 1
0.030717530155986217 0.7127275230554965 -1
0.2361991114219305 0.02870465231492403 -1
0.5013983836553993 0.9634772205245319 1
0.565016431461779 0.04372755786642479 -1
0.1057770523226279 0.3494502055022336 -1
0.5759945797741565 0.6658134193486603 1
0.715436588361392 0.21432494924797918 -1
0.25440041111357237 0.7324384447368811 -1
0.05522148374232827 0.5681716655285304 -1
0.6036673499943581 0.3132752235654179 -1
0.5811933919317236 0.5269061175877687 1
0.9768237009442832 0.65416355765359 1
0.3500733773919201 0.06339712727367708 -1
0.9660730918363665 0.5966908550522717 1
0.38874616742255863 0.42377469382802335 -1
0.05099726721541109 0.725854310050631 -1
0.4015033744503079 0.6181483596943673 1
0.5505774012086807 0.1945658475516977 -1
0.2630543390060157 0.9818602157110969 1
0.5502073063088677 0.9012997206597646 1
0.6369344885035688 0.9215611552285118 1
0.3820981547690716 0.4559719692419234 -1
0.23179325565865216 0.6098123978015896 -1
0.9259506466351791 0.15917988476874523 1
0.6621446264001378 0.5725789049186016 1
0.46649793603746637 0.04121888325979628 -1
0.6155148252516159 0.8258952698873564 1
0.09549812974166882 0.8598326311700982 -1
0.04452424145366096 0.4611485626608399 -1
0.6779826436197681 0.8394424764546784 1
0.4002908305766306 0.3528367311644406 -1
0.2160426716717846 0.8496398577009353 1
0.5026447816200084 0.9683254290819935 1
0.03816288759886988 0.6670157923430334 -1
0.5029956870323034 0.09603990041646626 -1
0.6180879642939642 0.9419396843717951 1
0.537294463267581 0.6766927422363798 1
0.9844341133221641 0.5006890444004702 1
0.08938449644969781 0.8215626312231583 -1
0.6207341823750782 0.6533709244356608 1
0.7891376813679182 0.5325025726801685 1
0.475331887278453 0.2493648319254268 -1
0.35512265759275996 0.600271281835884 -1
0.2015167827767146 0.3245556622178566 -1
0.6581540875368365 0.6509440920717962 1
0.030518500360397383 0.3184149079513878 -1
0.42992352111189047 0.3345751311066226 -1
0.7434550670231476 0.0040266541248097365 -1
0.9700137287094948 0.2059455563934831 1
0.05305715184205795 0.47044470339820554 -1
0.31495017812289783 0.9341474034483908 1
0.3319660646280327 0.7243055875215406 1
0.724544583353422 0.0959161996025204 -1
0.031630085434500965 0.7364118153783861 -1
0.013637594518143281 0.9570396890942995 -1
0.32430080330944244 0.04903835510232335 -1
0.21144841861632147 0.32683440115905804 -1
0.47035665017638084 0.38100474580529786 -1
0.2660915154582397 0.7825952979501756 1
0.16415847132622152 0.020093863732116746 -1
0.02842165548997999 0.30408818167802965 -1
0.6438677990835031 0.17618819507671202 -1
0.5472201956889216 0.632568549374764 1
0.6641352474926302 0.8835323640198565 1
0.7868371728376734 0.474474501910656 1
0.5252933186892448 0.486821085221922 1
0.23875526837274008 0.006855603237665986 -1
0.22866380329315728 0.22334964823785264 -1
0.5401432530786598 0.009763382050258507 -1
0.4848175647923574 0.9222535949341109 1
0.1353181135540057 0.35024348441174336 -1
0.7400996789597643 0.38190351263031663 1
0.22013642739159778 0.47323335382072707 -1
0.6064607500526692 0.5578093585244718 1
0.6946878079786311 0.01658343504136517 -1
0.08061108182582477 0.2959283921410081 -1
0.6162636558206781 0.6605842101883104 1
0.7207411042657967 0.980059327286587 1
0.6924270844425251 0.8467947475543282 1
0.5125279735428958 0.12704486907682766 -1
0.6831109354224362 0.05663357260565394 -1
0.5008750498149287 0.6597933186477012 1
0.19102230043380353 0.9271054884303079 1
0.38980701682632524 0.31566977747283353 -1
0.21123394320038402 0.5992033076839783 -1
0.220170884494146 0.4065954461215897 -1
0.9836939560011735 0.3439362731442541 1
0.92326833027222 0.937233731335377 1
0.14648732267769204 0.6916021716412923 -1
0.01827285343102225 0.9089300440355254 -1
0.923033782965503 0.0018333160330713527 -1
0.9722606442635197 0.48961179107825326 1
0.09300872004395977 0.6551109602916928 -1
0.7739113332709631 0.6136438404617871 1
0.7946248038458993 0.8208571166696739 1
0.08541085866176479 0.4906738802617272 -1
0.7850139030548225 0.06287614804287356 -1
0.9318157495807118 0.44879113388724867 1
0.6458005092771761 0.8798329096352107 1
0.26311423022385616 0.5148610916324242 -1
0.562559061169853 0.6466187034488303 1
0.8814463306130882 0.1436877345020693 1
0.7296994852348115 0.3218692020206436 1
0.1644217492339375 0.547694025187366 -1
0.13642676166853696 0.7175640424331394 -1
0.7352008490038096 0.15010032878347546 -1
0.47477164629485447 0.08855060750486243 -1
0.7309804341007994 0.7871196176351092 1
0.17729162297687728 0.29299926283741495 -1
0.6037528941267176 0.4184773039271411 1
0.13989241369546257 0.7992112342852947 -1
0.45068346848938534 0.2706025687243646 -1
0.5143220383833759 0.3698642398085126 -1
0.7161775808091004 0.5331272661190591 1
0.06524107638391718 0.34169503687387026 -1
0.7336857085711213 0.9568674885369249 1
0.978374182740301 0.036782613920374185 1
0.9825211700782069 0.9602516542788608 1
0.6790995024524434 0.9910089494500421 1
0.1234413881041031 0.14119853431695384 -1
0.1749345086691182 0.365939005674922 -1
0.8464708578179311 0.41273752680528397 1
0.6707275956088738 0.12227560566449636 -1
0.31541995870979456 0.33320204253527563 -1
0.7219672107351538 0.27620849572847805 -1
0.5257806929167038 0.5856169304053278 1
0.9894714927221301 0.8343914849369939 1
0.20615646837417723 0.9759389471124579 1
0.7378224245261135 0.8089451142700504 1
0.9881104097767895 0.7660989508895353 1
0.5802611876612038 0.0507969399646887 -1
0.44529251239755296 0.6353332271068073 1
0.6143619594744889 0.5078349393137048 1
0.2599327865887393 0.0720808177620399 -1
0.015653361400775334 0.913764191353526 -1
0.21326434608545397 0.5387621689626892 -1
0.3604585186229924 0.8442205994854292 1
0.9161663514941003 0.32304419974071896 1
0.43457582794066696 0.5386097962431274 -1
0.19729412634963672 0.591735275221159 -1
0.051024541071378215 0.8793031908486433 -1
0.8481893237116143 0.7972431449924777 1
0.44793015832323435 0.4442375203755754 -1
0.9883405958401333 0.2515676867447023 1
0.16672735791126903 0.6046277849505689 -1
0.6578910529564612 0.3790895424486862 1
0.9212081844907354 0.22641812792908433 1
0.3716655567569449 0.8869544809714943 1
0.859546372704253 0.6522589474155472 1
0.2754176414399053 0.8506428336572739 1
0.7942789974208427 0.29021224953496905 1
0.23367229150015978 0.5023521230329083 -1
0.4293289200569663 0.31605248152042176 -1
0.6482672294679344 0.3311098589870848 -1
0.34850275968053135 0.7079424181158039 1
0.05767216554837251 0.9560733204909745 1
0.546500893328039 0.07542957020891305 -1
0.5993919194988956 0.11826112805674405 -1
0.5813272241301876 0.519120917250922 1
0.23123577088986047 0.05100143186964856 -1
0.00608838523868227 0.06305959803533034 -1
0.20196224436181143 0.43567001660182736 -1
0.5985234502815261 0.03873922623334336 -1
0.6377847634400092 0.12683085109994663 -1
0.04820655908166949 0.1678579084509314 -1
0.26845041688790017 0.8396808741787792 1
0.1842170198230929 0.9903256096667339 1
0.2550806261095736 0.03273943609641772 -1
0.5301722103673239 0.7147048300773402 1
0.8016887658458841 0.29001238845718047 1
0.9588709075408142 0.530177045548417 1
0.7332668164310685 0.6093993365297841 1
0.485395901325138 0.912292070918142 1
0.5055594240702566 0.13790237676332373 -1
0.7853761079816938 0.47917174911439586 1
0.17512012062594406 0.05923251998122325 -1
0.854210403771122 0.5105027769001617 1
0.7029716364201887 0.5357005964958594 1
0.33340662857353454 0.3285683746336995 -1
0.5911679337901616 0.8338170609704739 1
0.4217910868903446 0.3587316442681887 -1
0.25878302912972706 0.021815171381763254 -1
0.9621947632842728 0.8361984728029763 1
0.7523275190488221 0.9173506336042734 1
0.24832517170927948 0.8065511065531716 1
0.3553208282073548 0.28491964987648244 -1
0.33188302656580027 0.27945808476297296 -1
0.41272337676159543 0.6350773989971793 1
0.12658554096148333 0.13813002289054976 -1
0.21815952490775914 0.36132630012709244 -1
0.40360905654663637 0.6815049982337559 1
0.12533908210340938 0.36558448234212204 -1
0.8520656759439336 0.48181108957442 1
0.13981098338445763 0.7694322331192264 -1
0.7384796958549722 0.5770678969676041 1
0.1231600275759489 0.7858743276402899 -1
0.340831878454127 0.886253081249241 1
0.39898370461296473 0.3351446662317671 -1
0.2555903578707699 0.13427337022288388 -1
0.9884629295855251 0.5281191324182717 1
0.8802490737337852 0.5045444341974167 1
0.9230668319112174 0.7121911663114231 1
0.8592462071634066 0.6988973785362835 1
0.08290861759925194 0.37700388141006114 -1
0.047736210948238544 0.07769409185994491 -1
0.7914957537079731 0.8512217283835612 1
0.5955410905501936 0.07744734366239625 -1
0.9610944344016668 0.3865636376394601 1
0.08270792220578194 0.15890622190602244 -1
0.9276551496562192 0.9216083130445811 1
0.24845085929096666 0.12548085546099885 -1
0.24022207305973686 0.5454220941682262 -1
0.7468583597885277 0.7700447920440169 1
0.5769760749719866 0.4398484974865273 1
0.53559677298492 0.4575676627899161 -1
0.6485377081096113 0.8693370225937597 1
0.9579436267298885 0.4316942786135697 1
0.4188828173368979 0.6084794964985754 1
0.3138358864552011 0.345300829425109 -1
0.2252001199131911 0.04995913727393575 -1
0.7322188172677632 0.7582228900320126 1
0.41024657573025924 0.1194085452944148 -1
0.4548341623415003 0.1197635209001996 -1
0.8942333791252304 0.03871061485990701 -1
0.22068637288120174 0.05925454188195933 -1
0.7080011963401256 0.9255659973677122 1
0.300778771101901 0.6448575640573934 -1
0.8852202894079453 0.19468954224531942 1
0.8743114649658191 0.6389555857336428 1
0.2685781713813411 0.7347875837100939 1
0.8603858650366057 0.677900178146785 1
0.7233926710461025 0.8755064058528997 1
0.0233611024051521 0.7345429531719553 -1
0.9718165904554027 0.2298318811200286 1
0.15535993785751567 0.1838948479026553 -1
0.7617750337768516 0.5999590071255655 1
0.40602289116006507 0.28541956065956997 -1
0.36700440836453774 0.2684391155620818 -1
0.3774610787680215 0.9198829833029052 1
0.4780376246297282 0.16145193949475667 -1
0.4314598684619211 0.974343465342744 1
0.38870733741303654 0.5673379965054344 -1
0.7663365529519479 0.8557821799780405 1
0.008715138320767646 0.32106709364952657 -1
0.21245771871122998 0.2320370570154402 -1
0.640041556744875 0.6241062984192058 1
0.36827253314827335 0.24811764301947004 -1
0.6434476496908643 0.9591911252134169 1
0.6528203689843974 0.14664224735714515 -1
0.09104665850937765 0.8807918630017322 -1
0.08602273458552956 0.43305299793545926 -1
0.25189937772948234 0.8146064187078772 1
0.12467047241596485 0.4694282918373056 -1
0.2898147030289909 0.3832000884986261 -1
0.6798697705019235 0.6551265076121219 1
0.8660123398627506 0.18995160856912596 1
0.520810829513025 0.15815822775350596 -1
0.43403215293820474 0.43975405069554707 -1
0.6300758240628941 0.49809928410623994 1
0.8902504091895025 0.25245801973385906 1
0.7173032929221077 0.14952013911321438 -1
0.900590357302016 0.03383379132708908 -1
0.020878655067822383 0.7343214172697459 -1
0.6624905129693265 0.8088681854182493 1
0.7314209896383842 0.30202986512556884 1
0.08092136313355236 0.993500732223196 1
0.8561891572779963 0.6590224823727886 1
0.3382169693339261 0.6834429163643551 1
0.11013036892457961 0.7008109532310993 -1
0.6197150307930568 0.17251365407696395 -1
0.4671471180568997 0.2259326243966977 -1
0.3206753950520522 0.07796262469296111 -1
0.3342594389206657 0.7656582424678607 1
0.40467358248733476 0.1465424589255655 -1
0.9216908075590607 0.5506404352946098 1
0.7096422334733702 0.5426300099363238 1
0.27350812651701695 0.8537917051163152 1
0.9049603128605088 0.1784858050508633 1
0.5962971907195583 0.5980939485509399 1
0.4914662982286204 0.4367795049160378 -1
0.9774572203296501 0.29870615011047796 1
0.7059980022993143 0.4567991835687364 1
0.3200487692600348 0.12065084067759113 -1
0.44303850847130744 0.008300223961046349 -1
0.3377321070217124 0.07652351301521454 -1
0.3382740525164226 0.8607393838526585 1
0.7511832285651221 0.1630842906379586 -1
0.9723462484911763 0.47067859344197804 1
0.4064775894464844 0.541253805443777 -1
0.7478079818925761 0.7564316562902264 1
0.8962823660317083 0.7009506985953265 1
0.36826817730742534 0.7065667738174771 1
0.40629985529503176 0.9203711134393445 1
0.005937860556763708 0.5776660634105644 -1
0.9322563639862421 0.2287253200959446 1
0.18226621164455747 0.4767832543343894 -1
0.7168321454940929 0.5121105016278159 1
0.10608177717063783 0.1953288733958859 -1
0.7412797869149544 0.3641123225571865 1
0.7146307239656537 0.263651856237341 -1
0.3730800494763048 0.775892801261487 1
0.94513074603305 0.3293756136750061 1
0.8188353586516146 0.7849354170286251 1
0.8279351499747527 0.12758523505692654 -1
0.8607030436235796 0.7572826397719618 1
0.8371291986249685 0.5072518695800892 1
0.4650220557298931 0.06501525172146061 -1
0.5603563080334377 0.20581948291049545 -1
0.24338802864238174 0.5388866825013485 -1
0.15689919253917173 0.3226679167731987 -1
0.4192835203908829 0.22543989163748956 -1
0.2615167515631861 0.7322056010097864 -1
0.907471683337392 0.6585980328259563 1
0.9612649065980778 0.9986338759209632 1
0.3487131282871758 0.06763465274944003 -1
0.22350531531755158 0.7069645848704286 -1
0.4589674128940523 0.6865929343270982 1
0.6855333092349435 0.5086610983443166 1
0.8500920198478515 0.6046374437005039 1
0.029732094639347784 0.5953120041762724 -1
0.5581534185638325 0.40248636942372906 -1
0.2628875912935319 0.7600365232756884 1
0.8758162291800976 0.15698592072779682 1
0.09427427935722366 0.6838584398139543 -1
0.7268780766446473 0.2640524522523613 -1
0.26434931737671163 0.5930759017151189 -1
0.7438693312305291 0.929622809943252 1
0.1143687312595113 0.9736921741207203 1
0.41373868426368654 0.1089160537467978 -1
0.9069657155357309 0.6002623965496754 1
0.14199655481740925 0.13622542700519624 -1
0.40870807697702594 0.7390501466836266 1
0.8522903186486307 0.28062186217692786 1
0.027878290398627326 0.019176491180547983 -1
0.7862370430271616 0.9873658153693399 1
0.3641959444423759 0.13048362388720391 -1
0.49744030860097144 0.6204871755380937 1
0.3719291720789376 0.20312390258671564 -1
0.6439700670253449 0.10890771941694488 -1
0.463818286120818 0.4514246168994469 -1
0.07518537033121298 0.016644547093888407 -1
0.7904611102916852 0.42336725970620726 1
0.8816318077202542 0.2070465528785801 1
0.6182863352238275 0.987059652755408 1
0.5308470181283835 0.451680751827245 -1
0.19896762287535752 0.006868235613268103 -1
0.9472586826926724 0.046398765115744145 -1
0.7741079369347443 0.514416642655612 1
0.410961951846343 0.7402780535416464 1
0.3912496775334289 0.06344603593348808 -1
0.4480136614665847 0.05754674332702281 -1
0.020743493761658516 0.8725716086007659 -1
0.4639833073508004 0.39826430742254326 -1
0.05773463368317877 0.30625871590836373 -1
0.7328516284907649 0.1404455265811908 -1
0.6695022910208372 0.2218811987444932 -1
0.4949493452496557 0.33447784054790297 -1
0.6056143820189043 0.7195135340251555 1
0.3404804082693996 0.48009755170031276 -1
0.026836179173340247 0.8711473428036349 -1
0.7592755162046437 0.30685360790507743 1
0.6284583416220528 0.07731237503925792 -1
0.7227730724274051 0.44090183355512136 1
0.8346861033466384 0.8016201939746848 1
0.43082650049863724 0.3341369612836822 -1
0.1229578722457636 0.567538964395004 -1
0.9037885082270513 0.8560835241242474 1
0.6005384791156263 0.2667459396638975 -1
0.9294240931013613 0.5046306866860675 1
0.8004583651033708 0.02469364610180025 -1
0.9845559651790955 0.2786104689464154 1
0.28984697193007103 0.09656515809306121 -1
0.14294752445729486 0.8733824597383602 1
0.0909349811924901 0.5255820958942284 -1
0.6537800153726578 0.010002727668922073 -1
0.10347643339372414 0.5856686979692455 -1
0.8291821999972213 0.3892180990721721 1
0.6870687698708214 0.3517645389451306 1
0.11462224766406737 0.9734414612546752 1
0.31282502116872024 0.0936165273125148 -1
0.7325733219373337 0.04302756599428237 -1
0.7260789057472882 0.5726712255621261 1
0.08771579607278568 0.7475832941121382 -1
0.37528072671926505 0.7367264764758573 1
0.20104048812606468 0.6787094554928337 -1
0.9569675754389699 0.7532908607964477 1
0.8005691193821844 0.3274866505680092 1
0.8026687772524909 0.8001388206402181 1
0.3380095750403552 0.15818045751077403 -1
0.49083376634751286 0.5403377935486076 1
0.12351508013921808 0.42905603238594725 -1
0.5053458156955201 0.749062963717212 1
0.9748181859560467 0.821856151933276 1
0.9819121686305056 0.13080477285849224 1
0.2623617922048346 0.4034106100913033 -1
0.5845974219241574 0.9681124446138903 1
0.9986509192400459 0.4360090574263169 1
0.33699330096047586 0.8768069056010396 1
0.6679012179939388 0.07758347478478078 -1
0.7959951249514148 0.607634639550842 1
0.821160491919788 0.06841046893650649 -1
0.30088133201731593 0.5306236158245206 -1
0.07243223042591018 0.08795761773117794 -1
0.15636907441051817 0.16594138883858733 -1
0.022931368358420023 0.5836622349573457 -1
0.5155457753620165 0.8838443964147688 1
0.8134536513379137 0.522845006757878 1
0.4170526626016282 0.6863466312308999 1
0.458941906839485 0.6996247337005194 1
0.9006231794602307 0.804524981959026 1
0.854684406065099 0.9406150428160789 1
0.3760555113060873 0.6979174903268516 1
0.36018107039250424 0.7963472365303087 1
0.45292528107619034 0.9262599048561047 1
0.1645661792800549 0.07977840066097619 -1
0.2518207495589737 0.27884497809660347 -1
0.21657637776490957 0.9189069699537937 1
0.812609632046786 0.4930778921831763 1
0.3624055702345863 0.8274329169835037 1
0.5912231232436466 0.8713405886393857 1
0.4763891185199802 0.665563220987121 1
0.19366919000807747 0.11406628143272823 -1
0.7923114379699814 0.2624774181911368 1
0.434464063864737 0.7269650888097167 1
0.3472330387796613 0.9026324917167029 1
0.5263969203369471 0.4316305177492241 -1
0.43508398015342253 0.8399998009930721 1
0.7095199518894665 0.11129541374185836 -1
0.23387285686804204 0.4974912341401404 -1
0.9094818328249364 0.9572953801655886 1
0.31821170549328526 0.03324586148431974 -1
0.07879991808058451 0.6468365774055859 -1
0.5979587632203093 0.5111121040505082 1
0.7193924779952402 0.5789538281056986 1
0.3341326571264631 0.9995747761020877 1
0.7106692170451286 0.42308415604597815 1
0.2748532861646955 0.5415403321040204 -1
0.9747044830420879 0.49346986978384 1
0.62691586066595 0.08680772269841452 -1
0.6984947771926235 0.7526441279804412 1
0.5327066108870099 0.1597162029887802 -1
0.8030280107424553 0.568541723746925 1
0.9575196299732969 0.24637582077391096 1
0.09986887937053213 0.7023158287713436 -1
0.4089367257346933 0.629049965163149 1
0.10819163936295162 0.3877314442224289 -1
0.7077826521901132 0.6696736481485691 1
0.8186671734898058 0.7780448126980577 1
0.10927063963217776 0.3501554377529208 -1
0.7853388672867895 0.48256731877074444 1
0.43330423922406835 0.21402446096043526 -1
0.80259766341118 0.39265143170085093 1
0.5045027988953298 0.722148614724095 1
0.08159342000871694 0.5056252759601391 -1
0.12537015151130293 0.4346636797419101 -1
0.2788965043266136 0.9952415427408096 1
0.01012707387663081 0.36191739135940293 -1
0.9499496451792067 0.3484954849031421 1
0.5920797926548381 0.2891464778918277 -1
8.2708644432683E-4 0.9912056986406221 -1
0.38399858528990416 0.8727687206059618 1
0.4940443149068111 0.458540630241707 -1
0.6188316054439865 0.8305861470517871 1
0.7276385099821531 0.8317128235684733 1
0.22718146497475866 0.6038596148948536 -1
0.8514659794389493 0.8583516495392047 1
0.818322445502611 0.45612906825430743 1
0.4106399327282455 0.9016048846920686 1
0.2231390370163988 0.09181778690994258 -1
0.11325815417713014 0.6218078413496859 -1
0.3302173681904642 0.5270729260983763 -1
0.8080467238104961 0.08459868782490743 -1
0.4004223873210979 0.12595890370027307 -1
0.127272670411393 0.8106468552509877 -1
0.7806462532059661 0.4270341363809951 1
0.501254942186612 0.13470092861221894 -1
0.9540137852112441 0.628505793127945 1
0.2830293301689384 0.12545146466154078 -1
0.16168312881994673 0.3745708636699685 -1
0.5352002597607226 0.23274303686060804 -1
0.41048118591057714 0.7912167931126463 1
0.6257380987041828 0.7749589988059032 1
0.5409647319474195 0.5566679047203482 1
0.15545764647278437 0.35694175929431127 -1
0.1720999273062357 0.15982878383041565 -1
0.897140265597854 0.3175997013495241 1
0.7616045012630411 0.3994895087459722 1
0.3647379000137573 0.34639199599036974 -1
0.7250980510239116 0.6077214153249798 1
0.35082466643132726 0.47917049556479274 -1
0.5425582489946797 0.042806715922313776 -1
0.2714375982831354 0.7863979475343261 1
0.047181309048665465 0.3902088977036863 -1
0.43967515013466274 0.20055008827275111 -1
0.6395976564466797 0.33450503926292374 -1
0.4528982815703283 0.09454879757611101 -1
0.9994943380817629 0.7208653820886362 1
0.7231057788553131 0.41936198928006985 1
0.9770480549540873 0.9115791383009042 1
0.8060316884456339 0.43644554662126833 1
0.7381739511073798 0.5612903367479406 1
0.5917398485884139 0.339491371105088 -1
0.9104464808572299 0.18402048108105062 1
0.6079665319673321 0.3499846182401598 -1
0.4306511401182428 0.5657201030398991 -1
0.6571889119418244 0.19236239786657894 -1
0.030276443846171563 0.2880042927168134 -1
0.7593739158621247 0.20710521860874442 -1
0.8118577171223109 0.37189187913283006 1
0.904588241454116 0.7438817618645289 1
0.16693567293592004 0.32478213719500326 -1
0.4331269592418354 0.8919059439037046 1
0.3654940905220201 0.6795663831885767 1
0.9555448924869353 0.05095525789226607 1
0.5070929441457811 0.4516863636271672 -1
0.6009512303246963 0.32403759411377253 -1
0.16551429025270725 0.808115496126484 -1
0.03915457314194137 0.22148324556793542 -1
0.9815903361001227 0.6416523985521078 1
0.160722161221163 0.7062779336591881 -1
0.6629844332979339 0.674581068600644 1
0.5187435621801301 0.181741285832275 -1
0.3350471293826519 0.17766556997389205 -1
0.6370656642729738 0.6251948730934042 1
0.9534712719595484 0.38361121465894576 1
0.07199221766987085 0.7050524202988766 -1
0.5373216884108883 0.19853851179504578 -1
0.6779182486652662 0.38380426676438406 1
0.3101163384973703 0.8706801649580201 1
0.872095639338637 0.20565710393240544 1
0.4469874150030656 0.8624251265241234 1
0.819702820547562 0.19512868895090152 1
0.017552768100593807 0.28999827767409736 -1
0.36761869045642515 0.05168722248805879 -1
0.8869791347558871 0.9444779521294739 1
0.24377645793285452 0.11556309277854382 -1
0.791820440465662 0.08851800431238388 -1
0.5087007112578489 0.40115031694644687 -1
0.5425661916698825 0.935054590543426 1
0.4968064702704795 0.8469541987185648 1
0.321435963149165 0.957442535214849 1
0.517266809355935 0.8148302750138227 1
0.34180839607395364 0.9548798127207153 1
0.3977308327963254 0.7862992115004868 1
0.7147737106652191 0.10264288471612326 -1
0.5489016477504748 0.15001088759332504 -1
0.2286511832422431 0.05356948204311596 -1
0.60395946201826 0.951970525977082 1
0.8889141072197545 0.5253901183956573 1
0.8440421762997046 0.4889282397245198 1
0.4888161352054934 0.7079225309944882 1
0.5594723255827789 0.6653726391708226 1
0.1851154490075535 0.25480869844268084 -1
0.21614527941222983 0.10585854996373967 -1
0.038643156094807174 0.586387140348784 -1
0.7974709199359787 0.11693726593875597 -1
0.7460656253278206 0.7234572845036622 1
0.974486972092486 0.7267474202519271 1
0.3370406397844903 0.8961077506759973 1
0.8202390717719588 0.19536330016798886 1
0.4400696693656798 0.7274431075898372 1
0.6292490798437421 0.585286745164032 1
0.830699689203887 0.8789586456266636 1
0.028869619033494276 0.20900741777306064 -1
0.36732974376453664 0.6624765598883141 1
0.9765497886927852 0.029345816281374892 1
0.09272883784360286 0.2729706995469964 -1
0.42551290510634443 0.37833203046261576 -1
0.23347360359541058 0.9772716486677455 1
0.4110743361164162 0.6816625502060604 1
0.06486535517776293 0.8055573939637121 -1
0.06080364942261707 0.22831645360187947 -1
0.12548794068250124 0.03569918809007111 -1
0.5639619683635742 0.40870123439782 -1
0.06341954927479798 0.034946479423794474 -1
0.44912215046629755 0.25973779597267155 -1
0.47521258483586537 0.8290983845699051 1
0.613605546711931 0.6015830695296609 1
0.45910811106550564 0.1062234244811534 -1
0.4243463173411369 0.5282277104289443 -1
0.24555210751150058 0.23015368204248987 -1
0.8670200399114787 0.5229956864758573 1
0.19093298059610242 0.2383928867543963 -1
0.1587506423561984 0.010011222676935994 -1
0.624561004615391 0.7297425600346922 1
0.459435964978988 0.7239879240792445 1
0.5242618765925623 0.008864474507539577 -1
0.3177083500189388 0.883234008145925 1
0.762558549486391 0.848160860327322 1
0.2697743935754717 0.7845561277677389 1
0.7132665300797011 0.7517692497447136 1
0.5728530807602815 0.10378425222228793 -1
0.337429738643664 0.662131744885183 -1
0.3996593849648533 0.8819281136060115 1
0.4778754413841395 0.6365128612910789 1
0.9463562479240112 0.904515441461107 1
0.9832685479934224 0.13900479378790753 1
0.8136243510272659 0.940451288820238 1
0.4553967020757016 0.2429718110050716 -1
0.7089764188943656 0.09677621359744804 -1
0.8675196762115254 0.21955098075953638 1
0.9881684005896976 0.36699094672198096 1
0.03696766392347839 0.6997390023645162 -1
0.8045369110482188 0.30315360652097545 1
0.9517750302495839 0.8407603554048642 1
0.6673192505037943 0.6257449662988084 1
0.248987436005372 0.701824977714176 -1
0.023487796943539307 0.5003360053993755 -1
0.7213814798584183 0.34004835601502315 1
0.07235853466669984 0.1563814782900873 -1
0.5896886567712181 0.9742208071527638 1
0.3982086956950316 0.5010018524427767 -1
0.4190154878760043 0.9322768593440083 1
0.1633660611618396 0.3894053480359443 -1
0.9810045296488865 0.9977291769080174 1
0.5427085076957419 0.25364061966031326 -1
0.06738173176962181 0.2009967629365479 -1
0.8002390796835273 0.8626599996649311 1
0.24588762114752116 0.06346967743076126 -1
0.909378402580311 0.08921198244114736 -1
0.8161911220136651 0.7953177966270893 1
0.900842997663592 0.6928707224810298 1
0.7712364920037038 0.9724647272978509 1
0.18545425484155875 0.2935498209709708 -1
0.3985751763306362 0.7738119639095307 1
0.9439497041214524 0.9061357978510189 1
0.266586593269481 0.9467124237275696 1
0.3018447848420185 0.6344170096680413 -1
0.7320924012459411 0.2868571666142389 1
0.4146195596762262 0.38127146079296814 -1
0.7787214606351311 0.5681521373991771 1
0.7769817262919747 0.7221172267690013 1
0.949483379213687 0.5388267653914728 1
0.03968372583236046 0.40991728043604003 -1
0.3723606463361959 0.8119297756795346 1
0.36834818107807743 0.3325703626467267 -1
0.3943306076448747 0.22153177099878119 -1
0.9109826759105355 0.1273080406075926 1
0.1370804889928765 0.49036840528863657 -1
0.2543413856565363 0.07175740881316373 -1
0.3667794081155734 0.8603216051560119 1
0.8440173595696523 0.31761820552886133 1
0.4306241830830593 0.6740507785273602 1
0.2191263851710954 0.01044124972720839 -1
0.6544759297347281 0.7642498651951787 1
0.5696692581724249 0.3477856106687591 -1
0.5187570323302372 0.90641989368352 1
0.563136444629021 0.16806955973555415 -1
0.1338790045334436 0.5217112920391448 -1
0.6066453633561361 0.2337202625713971 -1
0.021823654181393426 0.27830381336457344 -1
0.7118768944609786 0.974766190013657 1
0.977101498875786 0.23295608516372523 1
0.9123048599534591 0.09280465673886507 1
0.8281627588857935 0.6787711768468673 1
0.7456882472486114 0.09031703176790906 -1
0.24943786659888 0.9208880397486496 1
0.6595228825232313 0.48659189226564736 1
0.38453638210846186 0.7887234588264184 1
0.32312524569279555 0.2090569119295207 -1
0.9327339278619527 0.8115525379132784 1
0.7372486854296271 0.40760783584401994 1
0.5237294106561258 0.6336302840012488 1
0.7206077009581245 0.7295634554471396 1
0.6597552143336547 0.42572072768148217 1
0.8224134690697451 0.9141633083629997 1
0.23947570655469652 0.761814036134783 1
0.9609996697078886 0.41806449276044966 1
0.6947100015548561 0.6729762121442225 1
0.12084480730728864 0.6670831800195436 -1
0.0688672278496163 0.36469013808555306 -1
0.253773104636586 0.44446495401235553 -1
0.9450835851730854 0.38971039619972636 1
0.12484353711053875 0.8722577734698607 -1
0.9924023396094311 0.9053690253858799 1
0.21941207232881288 0.41989974662561336 -1
0.03993955680736072 0.012432671778761506 -1
0.9850796009668865 0.38292361740172887 1
0.011829363326629982 0.07202627181116805 -1
0.620714187341632 0.31471860995557355 -1
0.7598449119110605 0.3278020434203246 1
0.34446288933663816 0.965579210826001 1
0.8159420275826889 0.12244698638002494 -1
0.5736450806677832 0.38580967461289695 -1
0.353574693237523 0.4907858908175067 -1
0.7316455215642929 0.9834424753897398 1
0.19448262230220015 0.9361508135669737 1
0.4604023950146441 0.49216717627552764 -1
0.5267528607149878 0.7523526415622025 1
0.8618116050594302 0.001355906186457867 -1
0.11030939280315433 0.3405036338162307 -1
0.017345534838237864 0.4276105358715193 -1
0.13758527760008343 0.5881043710833953 -1
0.4424109931217909 0.06604559917699915 -1
0.5899844602559953 0.5272226016121169 1
0.32044737299455095 0.14956014419329233 -1
0.8848413621554445 0.16925541010368805 1
0.33149305887094604 0.6656407244900857 -1
0.8429380969533594 0.625680119005678 1
0.6409241493980393 0.0327768467580799 -1
0.5232405107874987 0.36736363971048347 -1
0.14629674488482003 0.6223593480445824 -1
0.2693663061047906 0.7494137469315314 1
0.39369986040713545 0.5269708767570735 -1
0.39139943210807415 0.7342202935961649 1
0.6697533753940367 0.42226717821308335 1
0.26701718438105526 0.08224764476393231 -1
0.6513613817772119 0.8471867178179651 1
0.2874969821436072 0.1483047762003279 -1
0.6525581702613901 0.7360151176171336 1
0.997022979669447 0.820432279675757 1
0.9462605717467527 0.5758701585134562 1
0.977812275077151 0.06921074099150437 1
0.8584669401428298 0.1344622042242667 -1
0.5189336873431524 0.03720831662436275 -1
0.3334195896466058 0.3055235658550176 -1
0.8732928013079958 0.5914494235313725 1
0.4504741032249352 0.2530900081016906 -1
0.9551085089102014 0.7862011101530538 1
0.9368956095428428 0.7008559451782714 1
0.6593084836762964 0.7390368088350192 1
0.06552830176959534 0.9091147923253172 -1
0.5946216049409417 0.010052118614049421 -1
0.45226146977690507 0.6093338509121828 1
0.9137480236579036 0.692270769231278 1
0.1754418110149324 0.9252036906634845 1
0.09683811596227077 0.07069322241742504 -1
0.32785796852698235 0.09903930585650234 -1
0.9986137738506029 0.8881042679489738 1
0.5816501900265373 0.6637011136765191 1
0.2048169353716297 0.9676704084729547 1
0.5974746964315937 0.5527412926485442 1
0.760271406600568 0.1855210999092224 -1
0.14147815098122063 0.5252716582032283 -1
0.6286963943235097 0.5609231377054542 1
0.5871152132568626 0.19708669937225953 -1
0.8235106672442986 0.5373202724001953 1
0.07356798471863779 0.9158658287330192 -1
0.009219037167667254 0.3644253586216505 -1
0.9685028412502669 0.6958172159354648 1
0.5145732806491732 0.8597153853557916 1
0.4401270331330508 0.4359146295678955 -1
0.12155192306328344 0.7270946700736947 -1
0.8819836644733197 0.6859183835431507 1
0.69830460500169 0.041155061760562384 -1
0.6536501364586557 0.29565959704335065 -1
0.7295583864791025 0.46737585696766226 1
0.10148250756706001 0.38560704802357193 -1
0.06458478115156296 0.28177109337613226 -1
0.10577330015157649 0.21052415934905422 -1
0.7506779678752676 0.27790481777442144 1
0.4641685950015184 0.6530632777740102 1
0.6491962471322252 0.20485992762837169 -1
0.26591523212827295 0.2804328857677697 -1
0.6415702908146976 0.4666595471754664 1
0.03748677602174644 0.12481336216136152 -1
0.6242832395060403 0.4318044514232071 1
0.8473624958745629 0.6069846544344317 1
0.16467947013984952 0.8510039617330989 1
0.7462108002747372 0.31266982448457104 1
0.6435600691983842 0.5618416306750961 1
0.8884548929321044 0.6523860396635006 1
0.9458751329365185 0.8710312244669757 1
0.4321748199024691 0.7881348343660656 1
0.27742394993109176 0.7480828048538639 1
0.8465271555526642 0.5940514471354216 1
0.483326316545552 0.23861240838046593 -1
0.5693393423150792 0.8331733038564968 1
0.3231291296665285 0.31119270942398913 -1
0.05226321284972901 0.17877559018514932 -1
0.5177646755214188 0.6885572963798713 1
0.10684787648462402 0.1862617168438172 -1
0.025178036117554536 0.08213322826990976 -1
0.1221193422057879 0.830385334672467 -1
0.9242928520165767 0.6482929415631129 1
0.16273060873214162 0.7626192964259688 -1
0.4910861643829011 0.4153784779726617 -1
0.1764723724072904 0.014776677040412967 -1
0.5358947618655451 0.8924667331668746 1
0.5409112986944115 0.4775273586725306 1
0.8376766636323852 0.06400739739477301 -1
0.9611492875185145 0.1162431603352253 1
0.5588035837924011 0.49887994232609534 1
0.2941735898820924 0.5516434201816987 -1
0.8530609113172287 0.358079840941699 1
0.21999442031808947 0.32900208138998743 -1
0.4898841071580582 0.6721581129551876 1
0.8057430968789886 0.9272161388259486 1
0.20946148631532213 0.37770278854097594 -1
0.9161304129460546 0.31782477159364064 1
0.6961852480227853 0.2515645028728768 -1
0.11214142634122282 0.6741073198166232 -1
0.5120336134198639 0.062192678157958814 -1
0.14956940925668138 0.6516770436772261 -1
0.06681950069903808 0.969362903227132 1
0.4399684714943235 0.5145274911638902 -1
0.7188413788225053 0.4467400939097116 1
0.8688305000627453 0.2642762135988945 1
0.39732502281134885 0.776135914682214 1
0.17926914473758604 0.8453908857815426 1
0.717144960362786 0.46798334458713575 1
0.7242197591066083 0.44547073780547897 1
0.4166671284889272 0.7994651052818598 1
0.7661408209984893 0.8871963864671484 1
0.09115525415137704 0.02989675586497542 -1
0.6604291964175996 0.11734909101900781 -1
0.6170350292687512 0.7523792998139825 1
0.1972377831063986 0.8383407254924409 1
0.36641195507440083 0.271400397274298 -1
0.09611079552770296 0.39898367895679443 -1
0.29659024715751126 0.8579770605124561 1
0.1488288598719486 0.16376983193278183 -1
0.26594139082995893 0.22709698526070143 -1
0.7880817749405241 0.7137163291770922 1
0.4753230684214099 0.6066297206800731 1
0.923064555591918 0.39687499845019913 1
0.7633504426756184 0.32254267595226904 1
0.7278176650086393 0.9428916238455298 1
0.5941730229679235 0.9121714557513397 1
0.6941099734246997 0.08353982771405744 -1
0.968012770581603 0.39545776463200255 1
0.6678889904370111 0.3799440290184489 1
0.15756975043794985 0.4834821945856499 -1
0.7767994960800498 0.747244309798897 1
0.1275035344074057 0.18428350634985524 -1
0.1259983358320872 0.48874556852609696 -1
0.7295506625555409 0.47786984805892485 1
0.8904699807536368 0.004132355821948375 -1
0.2824388660494743 0.47549139504406146 -1
0.9642734131509154 0.7201196617756714 1
0.9436114871821615 0.7526583059447679 1
0.6406281560785916 0.20694890819186096 -1
0.35887645554103886 0.35105124226675544 -1
0.8914730649320814 0.8904280598216817 1
0.4364458279511936 0.28138701605155125 -1
0.6911089705739987 0.24675288567592601 -1
0.7334334538976696 0.22746404270628573 -1
0.48576184451454585 0.8761364915730456 1
0.8657302794150414 0.5510287977721594 1
0.3493806921212398 0.39131231462533145 -1
0.5562776608088611 0.6277660942610899 1
0.5857098910593497 0.628265753318711 1
0.4221111943276544 0.006631920079642639 -1
0.5376534557940641 0.28908786731282565 -1
0.36714889287322794 0.8779106206278564 1
0.14717403115290673 0.7606342483219882 -1
0.49554926301521385 0.8597926416400897 1
0.3724471117273618 0.5177109277543305 -1
0.789566045992192 0.16893301398154925 -1
0.9137165491353715 0.21579822537764937 1
0.4061783963385698 0.8273647869683565 1
0.8252748691848378 0.3058626518380382 1
0.33837659115755103 0.6763059829629272 1
0.4982177143949933 0.7625960732592646 1
0.35983484123217835 0.6168121465160263 -1
0.1870988641820467 0.30746007507730866 -1
0.6258046058436788 0.677891073728419 1
0.7233385003213633 0.3292029423025751 1
0.03841313208183217 0.22461038637594932 -1
0.30921407976975834 0.5570556081510315 -1
0.5011535810508462 0.8618923202867657 1
0.31848969491717594 0.42560168497392303 -1
0.48520484417883913 0.364104426856088 -1
0.8432165451684385 0.985356234318089 1
0.9093202179691204 0.2662189463627074 1
0.3209633534736719 0.1593767070445039 -1
0.19537650664378148 0.5892276403308905 -1
0.9527124291233315 0.12376845829694305 1
0.5032755809692038 0.5406627483522551 1
0.7788834862133783 0.5987367584723646 1
0.5717430657406043 0.9304891628990476 1
0.2194239909238309 0.8768755069614946 1
0.2956696942297985 0.47329671653137606 -1
0.6036314023140942 0.48667300974375294 1
0.15599272698294409 0.10963545418901333 -1
0.7163488181921087 0.49175286869714496 1
0.8847160902688906 0.9725012169866286 1
0.6694028788892149 0.5601586290402568 1
0.2955200512411842 0.6493924966986971 -1
0.47062853095152857 0.10302841099788373 -1
0.03951212201705612 0.9460237475371912 -1
0.5075524794807991 0.9782960346199849 1
0.15602290228414983 0.44469474665896347 -1
0.7887831501118154 0.48259339411633184 1
0.6799518819763108 0.7684787167766923 1
0.19338203417827826 0.613318268747227 -1
0.24002003900754243 0.6118072501590889 -1
0.16696754084950283 0.8728707470074362 1
0.5363873836404146 0.27869320735022185 -1
0.27302907530578835 0.20835055580013295 -1
0.8214452254545092 0.6817469098639427 1
0.7589059576572782 0.03254648379348646 -1
0.024194677356795258 0.4983055674757009 -1
0.8281116372939985 0.6558383791321446 1
0.9564742719008353 0.45440944272091144 1
0.6241611834971355 0.873670977168442 1
0.11840099539026128 0.5130223075372528 -1
0.025785684065991576 0.900548295778909 -1
0.9807413196944126 0.07980820025084745 1
0.22939432708385543 0.3190359297163333 -1
0.2635290991797673 0.20794016811149563 -1
0.7518713564862339 0.2210478459381492 -1
0.6531004180430197 0.182830892632163 -1
0.9252715248645647 0.25873360309953486 1
0.6038152290222041 0.7983392758386506 1
0.1747043553562555 0.8935705006427398 1
0.3560888768034234 0.0979207532507983 -1
0.37167405130514974 0.7348043919608332 1
0.06895685152622233 0.34735379901397334 -1
0.337368600352012 0.4921724143363956 -1
0.013248421114094855 0.5300882370792496 -1
0.13386773387198825 0.7328789970212839 -1
0.10054632939857766 0.7119262502793999 -1
0.12596660704641915 0.3290866650019011 -1
0.6334605797704829 0.20865955858938712 -1
0.9222880943633869 0.20972141087764862 1
0.054347088885616124 0.6084517961368497 -1
0.21158350634519674 0.789181636792578 1
0.6424524449438517 0.3501681402105081 -1
0.19859764197041008 0.23557924665289054 -1
0.5635681039585853 0.7395186387066921 1
0.8136014539533145 0.5624296375988527 1
0.4116291233839121 0.99679574642393 1
0.12067116602678551 0.38024728772739225 -1
0.39829328001596787 0.17315098591500977 -1
0.3820200934298561 0.028292011619848956 -1
0.644389083761482 0.5467687263050592 1
0.04916556558627705 0.7217505726375344 -1
0.6062218169618478 0.41596057867561864 1
0.5464398129980154 0.29592693622941635 -1
0.5300786681373386 0.043116370572239826 -1
0.08833060767959422 0.10655366077910489 -1
0.9698759332678257 0.8716132539975749 1
0.9293637800430047 0.6541263941745169 1
0.8257419945652417 0.037197275339891256 -1
0.38371627967130195 0.5402016851970171 -1
0.06543212773504259 0.6260166839474821 -1
0.6714750538803343 0.43488820492157565 1
0.2758224964635484 0.09339996612660317 -1
0.14943370126350342 0.837300024363322 -1
0.45833201038654314 0.750635493725846 1
0.7665451109045318 0.5445297328485896 1
0.029972497126750874 0.25142418840575664 -1
0.6476253137208235 0.9097385345011216 1
0.8208295125058841 0.5653401595571134 1
0.5536298666339222 0.16624914864801987 -1
0.9691268042410389 0.012548857479016684 -1
0.5928009020815348 0.3220665857604996 -1
0.00663012727261203 0.5521957480916081 -1
0.9642096852237311 0.3880409286934844 1
0.09999673022579758 0.6662932304224616 -1
0.7036955479089624 0.9929253429929767 1
0.3677787749436767 0.8615969650742281 1
0.371929349204422 0.7598714314823755 1
0.42814085854126993 0.023877330138593722 -1
0.3753056734672393 0.17144336306725416 -1
0.8489524432203055 0.6021555228240532 1
0.14259444276462685 0.03402104964290542 -1
0.9697687010139727 0.8748879234936783 1
0.693759878372575 0.06750182281288031 -1
0.6443138614732768 0.3557463613349492 1
0.2320803672047419 0.5924990969926662 -1
0.8124334098579048 0.7335563294428141 1
